#分块号	左上角点纬度	左上角点经度	右下角点纬度	右下角点经度
T000	-80	-180	-90	-170
T001	-80	-170	-90	-160
T002	-80	-160	-90	-150
T003	-80	-150	-90	-140
T004	-80	-140	-90	-130
T005	-80	-130	-90	-120
T006	-80	-120	-90	-110
T007	-80	-110	-90	-100
T008	-80	-100	-90	-90
T009	-80	-90	-90	-80
T010	-80	-80	-90	-70
T011	-80	-70	-90	-60
T012	-80	-60	-90	-50
T013	-80	-50	-90	-40
T014	-80	-40	-90	-30
T015	-80	-30	-90	-20
T016	-80	-20	-90	-10
T017	-80	-10	-90	0
T018	-80	0	-90	10
T019	-80	10	-90	20
T020	-80	20	-90	30
T021	-80	30	-90	40
T022	-80	40	-90	50
T023	-80	50	-90	60
T024	-80	60	-90	70
T025	-80	70	-90	80
T026	-80	80	-90	90
T027	-80	90	-90	100
T028	-80	100	-90	110
T029	-80	110	-90	120
T030	-80	120	-90	130
T031	-80	130	-90	140
T032	-80	140	-90	150
T033	-80	150	-90	160
T034	-80	160	-90	170
T035	-80	170	-90	180
T036	-70	-180	-80	-170
T037	-70	-170	-80	-160
T038	-70	-160	-80	-150
T039	-70	-150	-80	-140
T040	-70	-140	-80	-130
T041	-70	-130	-80	-120
T042	-70	-120	-80	-110
T043	-70	-110	-80	-100
T044	-70	-100	-80	-90
T045	-70	-90	-80	-80
T046	-70	-80	-80	-70
T047	-70	-70	-80	-60
T048	-70	-60	-80	-50
T049	-70	-50	-80	-40
T050	-70	-40	-80	-30
T051	-70	-30	-80	-20
T052	-70	-20	-80	-10
T053	-70	-10	-80	0
T054	-70	0	-80	10
T055	-70	10	-80	20
T056	-70	20	-80	30
T057	-70	30	-80	40
T058	-70	40	-80	50
T059	-70	50	-80	60
T060	-70	60	-80	70
T061	-70	70	-80	80
T062	-70	80	-80	90
T063	-70	90	-80	100
T064	-70	100	-80	110
T065	-70	110	-80	120
T066	-70	120	-80	130
T067	-70	130	-80	140
T068	-70	140	-80	150
T069	-70	150	-80	160
T070	-70	160	-80	170
T071	-70	170	-80	180
T072	-60	-180	-70	-170
T073	-60	-170	-70	-160
T074	-60	-160	-70	-150
T075	-60	-150	-70	-140
T076	-60	-140	-70	-130
T077	-60	-130	-70	-120
T078	-60	-120	-70	-110
T079	-60	-110	-70	-100
T080	-60	-100	-70	-90
T081	-60	-90	-70	-80
T082	-60	-80	-70	-70
T083	-60	-70	-70	-60
T084	-60	-60	-70	-50
T085	-60	-50	-70	-40
T086	-60	-40	-70	-30
T087	-60	-30	-70	-20
T088	-60	-20	-70	-10
T089	-60	-10	-70	0
T090	-60	0	-70	10
T091	-60	10	-70	20
T092	-60	20	-70	30
T093	-60	30	-70	40
T094	-60	40	-70	50
T095	-60	50	-70	60
T096	-60	60	-70	70
T097	-60	70	-70	80
T098	-60	80	-70	90
T099	-60	90	-70	100
T100	-60	100	-70	110
T101	-60	110	-70	120
T102	-60	120	-70	130
T103	-60	130	-70	140
T104	-60	140	-70	150
T105	-60	150	-70	160
T106	-60	160	-70	170
T107	-60	170	-70	180
T108	-50	-180	-60	-170
T109	-50	-170	-60	-160
T110	-50	-160	-60	-150
T111	-50	-150	-60	-140
T112	-50	-140	-60	-130
T113	-50	-130	-60	-120
T114	-50	-120	-60	-110
T115	-50	-110	-60	-100
T116	-50	-100	-60	-90
T117	-50	-90	-60	-80
T118	-50	-80	-60	-70
T119	-50	-70	-60	-60
T120	-50	-60	-60	-50
T121	-50	-50	-60	-40
T122	-50	-40	-60	-30
T123	-50	-30	-60	-20
T124	-50	-20	-60	-10
T125	-50	-10	-60	0
T126	-50	0	-60	10
T127	-50	10	-60	20
T128	-50	20	-60	30
T129	-50	30	-60	40
T130	-50	40	-60	50
T131	-50	50	-60	60
T132	-50	60	-60	70
T133	-50	70	-60	80
T134	-50	80	-60	90
T135	-50	90	-60	100
T136	-50	100	-60	110
T137	-50	110	-60	120
T138	-50	120	-60	130
T139	-50	130	-60	140
T140	-50	140	-60	150
T141	-50	150	-60	160
T142	-50	160	-60	170
T143	-50	170	-60	180
T144	-40	-180	-50	-170
T145	-40	-170	-50	-160
T146	-40	-160	-50	-150
T147	-40	-150	-50	-140
T148	-40	-140	-50	-130
T149	-40	-130	-50	-120
T150	-40	-120	-50	-110
T151	-40	-110	-50	-100
T152	-40	-100	-50	-90
T153	-40	-90	-50	-80
T154	-40	-80	-50	-70
T155	-40	-70	-50	-60
T156	-40	-60	-50	-50
T157	-40	-50	-50	-40
T158	-40	-40	-50	-30
T159	-40	-30	-50	-20
T160	-40	-20	-50	-10
T161	-40	-10	-50	0
T162	-40	0	-50	10
T163	-40	10	-50	20
T164	-40	20	-50	30
T165	-40	30	-50	40
T166	-40	40	-50	50
T167	-40	50	-50	60
T168	-40	60	-50	70
T169	-40	70	-50	80
T170	-40	80	-50	90
T171	-40	90	-50	100
T172	-40	100	-50	110
T173	-40	110	-50	120
T174	-40	120	-50	130
T175	-40	130	-50	140
T176	-40	140	-50	150
T177	-40	150	-50	160
T178	-40	160	-50	170
T179	-40	170	-50	180
T180	-30	-180	-40	-170
T181	-30	-170	-40	-160
T182	-30	-160	-40	-150
T183	-30	-150	-40	-140
T184	-30	-140	-40	-130
T185	-30	-130	-40	-120
T186	-30	-120	-40	-110
T187	-30	-110	-40	-100
T188	-30	-100	-40	-90
T189	-30	-90	-40	-80
T190	-30	-80	-40	-70
T191	-30	-70	-40	-60
T192	-30	-60	-40	-50
T193	-30	-50	-40	-40
T194	-30	-40	-40	-30
T195	-30	-30	-40	-20
T196	-30	-20	-40	-10
T197	-30	-10	-40	0
T198	-30	0	-40	10
T199	-30	10	-40	20
T200	-30	20	-40	30
T201	-30	30	-40	40
T202	-30	40	-40	50
T203	-30	50	-40	60
T204	-30	60	-40	70
T205	-30	70	-40	80
T206	-30	80	-40	90
T207	-30	90	-40	100
T208	-30	100	-40	110
T209	-30	110	-40	120
T210	-30	120	-40	130
T211	-30	130	-40	140
T212	-30	140	-40	150
T213	-30	150	-40	160
T214	-30	160	-40	170
T215	-30	170	-40	180
T216	-20	-180	-30	-170
T217	-20	-170	-30	-160
T218	-20	-160	-30	-150
T219	-20	-150	-30	-140
T220	-20	-140	-30	-130
T221	-20	-130	-30	-120
T222	-20	-120	-30	-110
T223	-20	-110	-30	-100
T224	-20	-100	-30	-90
T225	-20	-90	-30	-80
T226	-20	-80	-30	-70
T227	-20	-70	-30	-60
T228	-20	-60	-30	-50
T229	-20	-50	-30	-40
T230	-20	-40	-30	-30
T231	-20	-30	-30	-20
T232	-20	-20	-30	-10
T233	-20	-10	-30	0
T234	-20	0	-30	10
T235	-20	10	-30	20
T236	-20	20	-30	30
T237	-20	30	-30	40
T238	-20	40	-30	50
T239	-20	50	-30	60
T240	-20	60	-30	70
T241	-20	70	-30	80
T242	-20	80	-30	90
T243	-20	90	-30	100
T244	-20	100	-30	110
T245	-20	110	-30	120
T246	-20	120	-30	130
T247	-20	130	-30	140
T248	-20	140	-30	150
T249	-20	150	-30	160
T250	-20	160	-30	170
T251	-20	170	-30	180
T252	-10	-180	-20	-170
T253	-10	-170	-20	-160
T254	-10	-160	-20	-150
T255	-10	-150	-20	-140
T256	-10	-140	-20	-130
T257	-10	-130	-20	-120
T258	-10	-120	-20	-110
T259	-10	-110	-20	-100
T260	-10	-100	-20	-90
T261	-10	-90	-20	-80
T262	-10	-80	-20	-70
T263	-10	-70	-20	-60
T264	-10	-60	-20	-50
T265	-10	-50	-20	-40
T266	-10	-40	-20	-30
T267	-10	-30	-20	-20
T268	-10	-20	-20	-10
T269	-10	-10	-20	0
T270	-10	0	-20	10
T271	-10	10	-20	20
T272	-10	20	-20	30
T273	-10	30	-20	40
T274	-10	40	-20	50
T275	-10	50	-20	60
T276	-10	60	-20	70
T277	-10	70	-20	80
T278	-10	80	-20	90
T279	-10	90	-20	100
T280	-10	100	-20	110
T281	-10	110	-20	120
T282	-10	120	-20	130
T283	-10	130	-20	140
T284	-10	140	-20	150
T285	-10	150	-20	160
T286	-10	160	-20	170
T287	-10	170	-20	180
T288	0	-180	-10	-170
T289	0	-170	-10	-160
T290	0	-160	-10	-150
T291	0	-150	-10	-140
T292	0	-140	-10	-130
T293	0	-130	-10	-120
T294	0	-120	-10	-110
T295	0	-110	-10	-100
T296	0	-100	-10	-90
T297	0	-90	-10	-80
T298	0	-80	-10	-70
T299	0	-70	-10	-60
T300	0	-60	-10	-50
T301	0	-50	-10	-40
T302	0	-40	-10	-30
T303	0	-30	-10	-20
T304	0	-20	-10	-10
T305	0	-10	-10	0
T306	0	0	-10	10
T307	0	10	-10	20
T308	0	20	-10	30
T309	0	30	-10	40
T310	0	40	-10	50
T311	0	50	-10	60
T312	0	60	-10	70
T313	0	70	-10	80
T314	0	80	-10	90
T315	0	90	-10	100
T316	0	100	-10	110
T317	0	110	-10	120
T318	0	120	-10	130
T319	0	130	-10	140
T320	0	140	-10	150
T321	0	150	-10	160
T322	0	160	-10	170
T323	0	170	-10	180
T324	10	-180	0	-170
T325	10	-170	0	-160
T326	10	-160	0	-150
T327	10	-150	0	-140
T328	10	-140	0	-130
T329	10	-130	0	-120
T330	10	-120	0	-110
T331	10	-110	0	-100
T332	10	-100	0	-90
T333	10	-90	0	-80
T334	10	-80	0	-70
T335	10	-70	0	-60
T336	10	-60	0	-50
T337	10	-50	0	-40
T338	10	-40	0	-30
T339	10	-30	0	-20
T340	10	-20	0	-10
T341	10	-10	0	0
T342	10	0	0	10
T343	10	10	0	20
T344	10	20	0	30
T345	10	30	0	40
T346	10	40	0	50
T347	10	50	0	60
T348	10	60	0	70
T349	10	70	0	80
T350	10	80	0	90
T351	10	90	0	100
T352	10	100	0	110
T353	10	110	0	120
T354	10	120	0	130
T355	10	130	0	140
T356	10	140	0	150
T357	10	150	0	160
T358	10	160	0	170
T359	10	170	0	180
T360	20	-180	10	-170
T361	20	-170	10	-160
T362	20	-160	10	-150
T363	20	-150	10	-140
T364	20	-140	10	-130
T365	20	-130	10	-120
T366	20	-120	10	-110
T367	20	-110	10	-100
T368	20	-100	10	-90
T369	20	-90	10	-80
T370	20	-80	10	-70
T371	20	-70	10	-60
T372	20	-60	10	-50
T373	20	-50	10	-40
T374	20	-40	10	-30
T375	20	-30	10	-20
T376	20	-20	10	-10
T377	20	-10	10	0
T378	20	0	10	10
T379	20	10	10	20
T380	20	20	10	30
T381	20	30	10	40
T382	20	40	10	50
T383	20	50	10	60
T384	20	60	10	70
T385	20	70	10	80
T386	20	80	10	90
T387	20	90	10	100
T388	20	100	10	110
T389	20	110	10	120
T390	20	120	10	130
T391	20	130	10	140
T392	20	140	10	150
T393	20	150	10	160
T394	20	160	10	170
T395	20	170	10	180
T396	30	-180	20	-170
T397	30	-170	20	-160
T398	30	-160	20	-150
T399	30	-150	20	-140
T400	30	-140	20	-130
T401	30	-130	20	-120
T402	30	-120	20	-110
T403	30	-110	20	-100
T404	30	-100	20	-90
T405	30	-90	20	-80
T406	30	-80	20	-70
T407	30	-70	20	-60
T408	30	-60	20	-50
T409	30	-50	20	-40
T410	30	-40	20	-30
T411	30	-30	20	-20
T412	30	-20	20	-10
T413	30	-10	20	0
T414	30	0	20	10
T415	30	10	20	20
T416	30	20	20	30
T417	30	30	20	40
T418	30	40	20	50
T419	30	50	20	60
T420	30	60	20	70
T421	30	70	20	80
T422	30	80	20	90
T423	30	90	20	100
T424	30	100	20	110
T425	30	110	20	120
T426	30	120	20	130
T427	30	130	20	140
T428	30	140	20	150
T429	30	150	20	160
T430	30	160	20	170
T431	30	170	20	180
T432	40	-180	30	-170
T433	40	-170	30	-160
T434	40	-160	30	-150
T435	40	-150	30	-140
T436	40	-140	30	-130
T437	40	-130	30	-120
T438	40	-120	30	-110
T439	40	-110	30	-100
T440	40	-100	30	-90
T441	40	-90	30	-80
T442	40	-80	30	-70
T443	40	-70	30	-60
T444	40	-60	30	-50
T445	40	-50	30	-40
T446	40	-40	30	-30
T447	40	-30	30	-20
T448	40	-20	30	-10
T449	40	-10	30	0
T450	40	0	30	10
T451	40	10	30	20
T452	40	20	30	30
T453	40	30	30	40
T454	40	40	30	50
T455	40	50	30	60
T456	40	60	30	70
T457	40	70	30	80
T458	40	80	30	90
T459	40	90	30	100
T460	40	100	30	110
T461	40	110	30	120
T462	40	120	30	130
T463	40	130	30	140
T464	40	140	30	150
T465	40	150	30	160
T466	40	160	30	170
T467	40	170	30	180
T468	50	-180	40	-170
T469	50	-170	40	-160
T470	50	-160	40	-150
T471	50	-150	40	-140
T472	50	-140	40	-130
T473	50	-130	40	-120
T474	50	-120	40	-110
T475	50	-110	40	-100
T476	50	-100	40	-90
T477	50	-90	40	-80
T478	50	-80	40	-70
T479	50	-70	40	-60
T480	50	-60	40	-50
T481	50	-50	40	-40
T482	50	-40	40	-30
T483	50	-30	40	-20
T484	50	-20	40	-10
T485	50	-10	40	0
T486	50	0	40	10
T487	50	10	40	20
T488	50	20	40	30
T489	50	30	40	40
T490	50	40	40	50
T491	50	50	40	60
T492	50	60	40	70
T493	50	70	40	80
T494	50	80	40	90
T495	50	90	40	100
T496	50	100	40	110
T497	50	110	40	120
T498	50	120	40	130
T499	50	130	40	140
T500	50	140	40	150
T501	50	150	40	160
T502	50	160	40	170
T503	50	170	40	180
T504	60	-180	50	-170
T505	60	-170	50	-160
T506	60	-160	50	-150
T507	60	-150	50	-140
T508	60	-140	50	-130
T509	60	-130	50	-120
T510	60	-120	50	-110
T511	60	-110	50	-100
T512	60	-100	50	-90
T513	60	-90	50	-80
T514	60	-80	50	-70
T515	60	-70	50	-60
T516	60	-60	50	-50
T517	60	-50	50	-40
T518	60	-40	50	-30
T519	60	-30	50	-20
T520	60	-20	50	-10
T521	60	-10	50	0
T522	60	0	50	10
T523	60	10	50	20
T524	60	20	50	30
T525	60	30	50	40
T526	60	40	50	50
T527	60	50	50	60
T528	60	60	50	70
T529	60	70	50	80
T530	60	80	50	90
T531	60	90	50	100
T532	60	100	50	110
T533	60	110	50	120
T534	60	120	50	130
T535	60	130	50	140
T536	60	140	50	150
T537	60	150	50	160
T538	60	160	50	170
T539	60	170	50	180
T540	70	-180	60	-170
T541	70	-170	60	-160
T542	70	-160	60	-150
T543	70	-150	60	-140
T544	70	-140	60	-130
T545	70	-130	60	-120
T546	70	-120	60	-110
T547	70	-110	60	-100
T548	70	-100	60	-90
T549	70	-90	60	-80
T550	70	-80	60	-70
T551	70	-70	60	-60
T552	70	-60	60	-50
T553	70	-50	60	-40
T554	70	-40	60	-30
T555	70	-30	60	-20
T556	70	-20	60	-10
T557	70	-10	60	0
T558	70	0	60	10
T559	70	10	60	20
T560	70	20	60	30
T561	70	30	60	40
T562	70	40	60	50
T563	70	50	60	60
T564	70	60	60	70
T565	70	70	60	80
T566	70	80	60	90
T567	70	90	60	100
T568	70	100	60	110
T569	70	110	60	120
T570	70	120	60	130
T571	70	130	60	140
T572	70	140	60	150
T573	70	150	60	160
T574	70	160	60	170
T575	70	170	60	180
T576	80	-180	70	-170
T577	80	-170	70	-160
T578	80	-160	70	-150
T579	80	-150	70	-140
T580	80	-140	70	-130
T581	80	-130	70	-120
T582	80	-120	70	-110
T583	80	-110	70	-100
T584	80	-100	70	-90
T585	80	-90	70	-80
T586	80	-80	70	-70
T587	80	-70	70	-60
T588	80	-60	70	-50
T589	80	-50	70	-40
T590	80	-40	70	-30
T591	80	-30	70	-20
T592	80	-20	70	-10
T593	80	-10	70	0
T594	80	0	70	10
T595	80	10	70	20
T596	80	20	70	30
T597	80	30	70	40
T598	80	40	70	50
T599	80	50	70	60
T600	80	60	70	70
T601	80	70	70	80
T602	80	80	70	90
T603	80	90	70	100
T604	80	100	70	110
T605	80	110	70	120
T606	80	120	70	130
T607	80	130	70	140
T608	80	140	70	150
T609	80	150	70	160
T610	80	160	70	170
T611	80	170	70	180
T612	90	-180	80	-170
T613	90	-170	80	-160
T614	90	-160	80	-150
T615	90	-150	80	-140
T616	90	-140	80	-130
T617	90	-130	80	-120
T618	90	-120	80	-110
T619	90	-110	80	-100
T620	90	-100	80	-90
T621	90	-90	80	-80
T622	90	-80	80	-70
T623	90	-70	80	-60
T624	90	-60	80	-50
T625	90	-50	80	-40
T626	90	-40	80	-30
T627	90	-30	80	-20
T628	90	-20	80	-10
T629	90	-10	80	0
T630	90	0	80	10
T631	90	10	80	20
T632	90	20	80	30
T633	90	30	80	40
T634	90	40	80	50
T635	90	50	80	60
T636	90	60	80	70
T637	90	70	80	80
T638	90	80	80	90
T639	90	90	80	100
T640	90	100	80	110
T641	90	110	80	120
T642	90	120	80	130
T643	90	130	80	140
T644	90	140	80	150
T645	90	150	80	160
T646	90	160	80	170
T647	90	170	80	180
