#Latitude:North-South 00~09,..., 80_89 90~99,..., H0~H9
#Longitude:East-West  00~09,..., H0~H9 I0~I9, ..., Z0~Z9
0000,-1.5E+07,-1.4E+07,0,1000000
0010,-1.4E+07,-1.3E+07,0,1000000
0020,-1.3E+07,-1.2E+07,0,1000000
0030,-1.2E+07,-1.1E+07,0,1000000
0040,-1.1E+07,-1E+07,0,1000000
0050,-1E+07,-9000000,0,1000000
0060,-9000000,-8000000,0,1000000
0070,-8000000,-7000000,0,1000000
0080,-7000000,-6000000,0,1000000
0090,-6000000,-5000000,0,1000000
00A0,-5000000,-4000000,0,1000000
00B0,-4000000,-3000000,0,1000000
00C0,-3000000,-2000000,0,1000000
00D0,-2000000,-1000000,0,1000000
00E0,-1000000,0,0,1000000
00F0,0,1000000,0,1000000
00G0,1000000,2000000,0,1000000
00H0,2000000,3000000,0,1000000
00I0,-1.6E+07,-1.5E+07,0,1000000
00J0,-1.7E+07,-1.6E+07,0,1000000
00K0,-1.8E+07,-1.7E+07,0,1000000
00L0,1.7E+07,1.8E+07,0,1000000
00M0,1.6E+07,1.7E+07,0,1000000
00N0,1.5E+07,1.6E+07,0,1000000
00O0,1.4E+07,1.5E+07,0,1000000
00P0,1.3E+07,1.4E+07,0,1000000
00Q0,1.2E+07,1.3E+07,0,1000000
00R0,1.1E+07,1.2E+07,0,1000000
00S0,1E+07,1.1E+07,0,1000000
00T0,9000000,1E+07,0,1000000
00U0,8000000,9000000,0,1000000
00V0,7000000,8000000,0,1000000
00W0,6000000,7000000,0,1000000
00X0,5000000,6000000,0,1000000
00Y0,4000000,5000000,0,1000000
00Z0,3000000,4000000,0,1000000
1000,-1.5E+07,-1.4E+07,1000000,2000000
1010,-1.4E+07,-1.3E+07,1000000,2000000
1020,-1.3E+07,-1.2E+07,1000000,2000000
1030,-1.2E+07,-1.1E+07,1000000,2000000
1040,-1.1E+07,-1E+07,1000000,2000000
1050,-1E+07,-9000000,1000000,2000000
1060,-9000000,-8000000,1000000,2000000
1070,-8000000,-7000000,1000000,2000000
1080,-7000000,-6000000,1000000,2000000
1090,-6000000,-5000000,1000000,2000000
10A0,-5000000,-4000000,1000000,2000000
10B0,-4000000,-3000000,1000000,2000000
10C0,-3000000,-2000000,1000000,2000000
10D0,-2000000,-1000000,1000000,2000000
10E0,-1000000,0,1000000,2000000
10F0,0,1000000,1000000,2000000
10G0,1000000,2000000,1000000,2000000
10H0,2000000,3000000,1000000,2000000
10I0,-1.6E+07,-1.5E+07,1000000,2000000
10J0,-1.7E+07,-1.6E+07,1000000,2000000
10K0,-1.8E+07,-1.7E+07,1000000,2000000
10L0,1.7E+07,1.8E+07,1000000,2000000
10M0,1.6E+07,1.7E+07,1000000,2000000
10N0,1.5E+07,1.6E+07,1000000,2000000
10O0,1.4E+07,1.5E+07,1000000,2000000
10P0,1.3E+07,1.4E+07,1000000,2000000
10Q0,1.2E+07,1.3E+07,1000000,2000000
10R0,1.1E+07,1.2E+07,1000000,2000000
10S0,1E+07,1.1E+07,1000000,2000000
10T0,9000000,1E+07,1000000,2000000
10U0,8000000,9000000,1000000,2000000
10V0,7000000,8000000,1000000,2000000
10W0,6000000,7000000,1000000,2000000
10X0,5000000,6000000,1000000,2000000
10Y0,4000000,5000000,1000000,2000000
10Z0,3000000,4000000,1000000,2000000
2000,-1.5E+07,-1.4E+07,2000000,3000000
2010,-1.4E+07,-1.3E+07,2000000,3000000
2020,-1.3E+07,-1.2E+07,2000000,3000000
2030,-1.2E+07,-1.1E+07,2000000,3000000
2040,-1.1E+07,-1E+07,2000000,3000000
2050,-1E+07,-9000000,2000000,3000000
2060,-9000000,-8000000,2000000,3000000
2070,-8000000,-7000000,2000000,3000000
2080,-7000000,-6000000,2000000,3000000
2090,-6000000,-5000000,2000000,3000000
20A0,-5000000,-4000000,2000000,3000000
20B0,-4000000,-3000000,2000000,3000000
20C0,-3000000,-2000000,2000000,3000000
20D0,-2000000,-1000000,2000000,3000000
20E0,-1000000,0,2000000,3000000
20F0,0,1000000,2000000,3000000
20G0,1000000,2000000,2000000,3000000
20H0,2000000,3000000,2000000,3000000
20I0,-1.6E+07,-1.5E+07,2000000,3000000
20J0,-1.7E+07,-1.6E+07,2000000,3000000
20K0,-1.8E+07,-1.7E+07,2000000,3000000
20L0,1.7E+07,1.8E+07,2000000,3000000
20M0,1.6E+07,1.7E+07,2000000,3000000
20N0,1.5E+07,1.6E+07,2000000,3000000
20O0,1.4E+07,1.5E+07,2000000,3000000
20P0,1.3E+07,1.4E+07,2000000,3000000
20Q0,1.2E+07,1.3E+07,2000000,3000000
20R0,1.1E+07,1.2E+07,2000000,3000000
20S0,1E+07,1.1E+07,2000000,3000000
20T0,9000000,1E+07,2000000,3000000
20U0,8000000,9000000,2000000,3000000
20V0,7000000,8000000,2000000,3000000
20W0,6000000,7000000,2000000,3000000
20X0,5000000,6000000,2000000,3000000
20Y0,4000000,5000000,2000000,3000000
20Z0,3000000,4000000,2000000,3000000
3000,-1.5E+07,-1.4E+07,3000000,4000000
3010,-1.4E+07,-1.3E+07,3000000,4000000
3020,-1.3E+07,-1.2E+07,3000000,4000000
3030,-1.2E+07,-1.1E+07,3000000,4000000
3040,-1.1E+07,-1E+07,3000000,4000000
3050,-1E+07,-9000000,3000000,4000000
3060,-9000000,-8000000,3000000,4000000
3070,-8000000,-7000000,3000000,4000000
3080,-7000000,-6000000,3000000,4000000
3090,-6000000,-5000000,3000000,4000000
30A0,-5000000,-4000000,3000000,4000000
30B0,-4000000,-3000000,3000000,4000000
30C0,-3000000,-2000000,3000000,4000000
30D0,-2000000,-1000000,3000000,4000000
30E0,-1000000,0,3000000,4000000
30F0,0,1000000,3000000,4000000
30G0,1000000,2000000,3000000,4000000
30H0,2000000,3000000,3000000,4000000
30I0,-1.6E+07,-1.5E+07,3000000,4000000
30J0,-1.7E+07,-1.6E+07,3000000,4000000
30K0,-1.8E+07,-1.7E+07,3000000,4000000
30L0,1.7E+07,1.8E+07,3000000,4000000
30M0,1.6E+07,1.7E+07,3000000,4000000
30N0,1.5E+07,1.6E+07,3000000,4000000
30O0,1.4E+07,1.5E+07,3000000,4000000
30P0,1.3E+07,1.4E+07,3000000,4000000
30Q0,1.2E+07,1.3E+07,3000000,4000000
30R0,1.1E+07,1.2E+07,3000000,4000000
30S0,1E+07,1.1E+07,3000000,4000000
30T0,9000000,1E+07,3000000,4000000
30U0,8000000,9000000,3000000,4000000
30V0,7000000,8000000,3000000,4000000
30W0,6000000,7000000,3000000,4000000
30X0,5000000,6000000,3000000,4000000
30Y0,4000000,5000000,3000000,4000000
30Z0,3000000,4000000,3000000,4000000
4000,-1.5E+07,-1.4E+07,4000000,5000000
4010,-1.4E+07,-1.3E+07,4000000,5000000
4020,-1.3E+07,-1.2E+07,4000000,5000000
4030,-1.2E+07,-1.1E+07,4000000,5000000
4040,-1.1E+07,-1E+07,4000000,5000000
4050,-1E+07,-9000000,4000000,5000000
4060,-9000000,-8000000,4000000,5000000
4070,-8000000,-7000000,4000000,5000000
4080,-7000000,-6000000,4000000,5000000
4090,-6000000,-5000000,4000000,5000000
40A0,-5000000,-4000000,4000000,5000000
40B0,-4000000,-3000000,4000000,5000000
40C0,-3000000,-2000000,4000000,5000000
40D0,-2000000,-1000000,4000000,5000000
40E0,-1000000,0,4000000,5000000
40F0,0,1000000,4000000,5000000
40G0,1000000,2000000,4000000,5000000
40H0,2000000,3000000,4000000,5000000
40I0,-1.6E+07,-1.5E+07,4000000,5000000
40J0,-1.7E+07,-1.6E+07,4000000,5000000
40K0,-1.8E+07,-1.7E+07,4000000,5000000
40L0,1.7E+07,1.8E+07,4000000,5000000
40M0,1.6E+07,1.7E+07,4000000,5000000
40N0,1.5E+07,1.6E+07,4000000,5000000
40O0,1.4E+07,1.5E+07,4000000,5000000
40P0,1.3E+07,1.4E+07,4000000,5000000
40Q0,1.2E+07,1.3E+07,4000000,5000000
40R0,1.1E+07,1.2E+07,4000000,5000000
40S0,1E+07,1.1E+07,4000000,5000000
40T0,9000000,1E+07,4000000,5000000
40U0,8000000,9000000,4000000,5000000
40V0,7000000,8000000,4000000,5000000
40W0,6000000,7000000,4000000,5000000
40X0,5000000,6000000,4000000,5000000
40Y0,4000000,5000000,4000000,5000000
40Z0,3000000,4000000,4000000,5000000
5000,-1.5E+07,-1.4E+07,5000000,6000000
5010,-1.4E+07,-1.3E+07,5000000,6000000
5020,-1.3E+07,-1.2E+07,5000000,6000000
5030,-1.2E+07,-1.1E+07,5000000,6000000
5040,-1.1E+07,-1E+07,5000000,6000000
5050,-1E+07,-9000000,5000000,6000000
5060,-9000000,-8000000,5000000,6000000
5070,-8000000,-7000000,5000000,6000000
5080,-7000000,-6000000,5000000,6000000
5090,-6000000,-5000000,5000000,6000000
50A0,-5000000,-4000000,5000000,6000000
50B0,-4000000,-3000000,5000000,6000000
50C0,-3000000,-2000000,5000000,6000000
50D0,-2000000,-1000000,5000000,6000000
50E0,-1000000,0,5000000,6000000
50F0,0,1000000,5000000,6000000
50G0,1000000,2000000,5000000,6000000
50H0,2000000,3000000,5000000,6000000
50I0,-1.6E+07,-1.5E+07,5000000,6000000
50J0,-1.7E+07,-1.6E+07,5000000,6000000
50K0,-1.8E+07,-1.7E+07,5000000,6000000
50L0,1.7E+07,1.8E+07,5000000,6000000
50M0,1.6E+07,1.7E+07,5000000,6000000
50N0,1.5E+07,1.6E+07,5000000,6000000
50O0,1.4E+07,1.5E+07,5000000,6000000
50P0,1.3E+07,1.4E+07,5000000,6000000
50Q0,1.2E+07,1.3E+07,5000000,6000000
50R0,1.1E+07,1.2E+07,5000000,6000000
50S0,1E+07,1.1E+07,5000000,6000000
50T0,9000000,1E+07,5000000,6000000
50U0,8000000,9000000,5000000,6000000
50V0,7000000,8000000,5000000,6000000
50W0,6000000,7000000,5000000,6000000
50X0,5000000,6000000,5000000,6000000
50Y0,4000000,5000000,5000000,6000000
50Z0,3000000,4000000,5000000,6000000
6000,-1.5E+07,-1.4E+07,6000000,7000000
6010,-1.4E+07,-1.3E+07,6000000,7000000
6020,-1.3E+07,-1.2E+07,6000000,7000000
6030,-1.2E+07,-1.1E+07,6000000,7000000
6040,-1.1E+07,-1E+07,6000000,7000000
6050,-1E+07,-9000000,6000000,7000000
6060,-9000000,-8000000,6000000,7000000
6070,-8000000,-7000000,6000000,7000000
6080,-7000000,-6000000,6000000,7000000
6090,-6000000,-5000000,6000000,7000000
60A0,-5000000,-4000000,6000000,7000000
60B0,-4000000,-3000000,6000000,7000000
60C0,-3000000,-2000000,6000000,7000000
60D0,-2000000,-1000000,6000000,7000000
60E0,-1000000,0,6000000,7000000
60F0,0,1000000,6000000,7000000
60G0,1000000,2000000,6000000,7000000
60H0,2000000,3000000,6000000,7000000
60I0,-1.6E+07,-1.5E+07,6000000,7000000
60J0,-1.7E+07,-1.6E+07,6000000,7000000
60K0,-1.8E+07,-1.7E+07,6000000,7000000
60L0,1.7E+07,1.8E+07,6000000,7000000
60M0,1.6E+07,1.7E+07,6000000,7000000
60N0,1.5E+07,1.6E+07,6000000,7000000
60O0,1.4E+07,1.5E+07,6000000,7000000
60P0,1.3E+07,1.4E+07,6000000,7000000
60Q0,1.2E+07,1.3E+07,6000000,7000000
60R0,1.1E+07,1.2E+07,6000000,7000000
60S0,1E+07,1.1E+07,6000000,7000000
60T0,9000000,1E+07,6000000,7000000
60U0,8000000,9000000,6000000,7000000
60V0,7000000,8000000,6000000,7000000
60W0,6000000,7000000,6000000,7000000
60X0,5000000,6000000,6000000,7000000
60Y0,4000000,5000000,6000000,7000000
60Z0,3000000,4000000,6000000,7000000
7000,-1.5E+07,-1.4E+07,7000000,8000000
7010,-1.4E+07,-1.3E+07,7000000,8000000
7020,-1.3E+07,-1.2E+07,7000000,8000000
7030,-1.2E+07,-1.1E+07,7000000,8000000
7040,-1.1E+07,-1E+07,7000000,8000000
7050,-1E+07,-9000000,7000000,8000000
7060,-9000000,-8000000,7000000,8000000
7070,-8000000,-7000000,7000000,8000000
7080,-7000000,-6000000,7000000,8000000
7090,-6000000,-5000000,7000000,8000000
70A0,-5000000,-4000000,7000000,8000000
70B0,-4000000,-3000000,7000000,8000000
70C0,-3000000,-2000000,7000000,8000000
70D0,-2000000,-1000000,7000000,8000000
70E0,-1000000,0,7000000,8000000
70F0,0,1000000,7000000,8000000
70G0,1000000,2000000,7000000,8000000
70H0,2000000,3000000,7000000,8000000
70I0,-1.6E+07,-1.5E+07,7000000,8000000
70J0,-1.7E+07,-1.6E+07,7000000,8000000
70K0,-1.8E+07,-1.7E+07,7000000,8000000
70L0,1.7E+07,1.8E+07,7000000,8000000
70M0,1.6E+07,1.7E+07,7000000,8000000
70N0,1.5E+07,1.6E+07,7000000,8000000
70O0,1.4E+07,1.5E+07,7000000,8000000
70P0,1.3E+07,1.4E+07,7000000,8000000
70Q0,1.2E+07,1.3E+07,7000000,8000000
70R0,1.1E+07,1.2E+07,7000000,8000000
70S0,1E+07,1.1E+07,7000000,8000000
70T0,9000000,1E+07,7000000,8000000
70U0,8000000,9000000,7000000,8000000
70V0,7000000,8000000,7000000,8000000
70W0,6000000,7000000,7000000,8000000
70X0,5000000,6000000,7000000,8000000
70Y0,4000000,5000000,7000000,8000000
70Z0,3000000,4000000,7000000,8000000
8000,-1.5E+07,-1.4E+07,8000000,9000000
8010,-1.4E+07,-1.3E+07,8000000,9000000
8020,-1.3E+07,-1.2E+07,8000000,9000000
8030,-1.2E+07,-1.1E+07,8000000,9000000
8040,-1.1E+07,-1E+07,8000000,9000000
8050,-1E+07,-9000000,8000000,9000000
8060,-9000000,-8000000,8000000,9000000
8070,-8000000,-7000000,8000000,9000000
8080,-7000000,-6000000,8000000,9000000
8090,-6000000,-5000000,8000000,9000000
80A0,-5000000,-4000000,8000000,9000000
80B0,-4000000,-3000000,8000000,9000000
80C0,-3000000,-2000000,8000000,9000000
80D0,-2000000,-1000000,8000000,9000000
80E0,-1000000,0,8000000,9000000
80F0,0,1000000,8000000,9000000
80G0,1000000,2000000,8000000,9000000
80H0,2000000,3000000,8000000,9000000
80I0,-1.6E+07,-1.5E+07,8000000,9000000
80J0,-1.7E+07,-1.6E+07,8000000,9000000
80K0,-1.8E+07,-1.7E+07,8000000,9000000
80L0,1.7E+07,1.8E+07,8000000,9000000
80M0,1.6E+07,1.7E+07,8000000,9000000
80N0,1.5E+07,1.6E+07,8000000,9000000
80O0,1.4E+07,1.5E+07,8000000,9000000
80P0,1.3E+07,1.4E+07,8000000,9000000
80Q0,1.2E+07,1.3E+07,8000000,9000000
80R0,1.1E+07,1.2E+07,8000000,9000000
80S0,1E+07,1.1E+07,8000000,9000000
80T0,9000000,1E+07,8000000,9000000
80U0,8000000,9000000,8000000,9000000
80V0,7000000,8000000,8000000,9000000
80W0,6000000,7000000,8000000,9000000
80X0,5000000,6000000,8000000,9000000
80Y0,4000000,5000000,8000000,9000000
80Z0,3000000,4000000,8000000,9000000
9000,-1.5E+07,-1.4E+07,-1000000,0
9010,-1.4E+07,-1.3E+07,-1000000,0
9020,-1.3E+07,-1.2E+07,-1000000,0
9030,-1.2E+07,-1.1E+07,-1000000,0
9040,-1.1E+07,-1E+07,-1000000,0
9050,-1E+07,-9000000,-1000000,0
9060,-9000000,-8000000,-1000000,0
9070,-8000000,-7000000,-1000000,0
9080,-7000000,-6000000,-1000000,0
9090,-6000000,-5000000,-1000000,0
90A0,-5000000,-4000000,-1000000,0
90B0,-4000000,-3000000,-1000000,0
90C0,-3000000,-2000000,-1000000,0
90D0,-2000000,-1000000,-1000000,0
90E0,-1000000,0,-1000000,0
90F0,0,1000000,-1000000,0
90G0,1000000,2000000,-1000000,0
90H0,2000000,3000000,-1000000,0
90I0,-1.6E+07,-1.5E+07,-1000000,0
90J0,-1.7E+07,-1.6E+07,-1000000,0
90K0,-1.8E+07,-1.7E+07,-1000000,0
90L0,1.7E+07,1.8E+07,-1000000,0
90M0,1.6E+07,1.7E+07,-1000000,0
90N0,1.5E+07,1.6E+07,-1000000,0
90O0,1.4E+07,1.5E+07,-1000000,0
90P0,1.3E+07,1.4E+07,-1000000,0
90Q0,1.2E+07,1.3E+07,-1000000,0
90R0,1.1E+07,1.2E+07,-1000000,0
90S0,1E+07,1.1E+07,-1000000,0
90T0,9000000,1E+07,-1000000,0
90U0,8000000,9000000,-1000000,0
90V0,7000000,8000000,-1000000,0
90W0,6000000,7000000,-1000000,0
90X0,5000000,6000000,-1000000,0
90Y0,4000000,5000000,-1000000,0
90Z0,3000000,4000000,-1000000,0
A000,-1.5E+07,-1.4E+07,-2000000,-1000000
A010,-1.4E+07,-1.3E+07,-2000000,-1000000
A020,-1.3E+07,-1.2E+07,-2000000,-1000000
A030,-1.2E+07,-1.1E+07,-2000000,-1000000
A040,-1.1E+07,-1E+07,-2000000,-1000000
A050,-1E+07,-9000000,-2000000,-1000000
A060,-9000000,-8000000,-2000000,-1000000
A070,-8000000,-7000000,-2000000,-1000000
A080,-7000000,-6000000,-2000000,-1000000
A090,-6000000,-5000000,-2000000,-1000000
A0A0,-5000000,-4000000,-2000000,-1000000
A0B0,-4000000,-3000000,-2000000,-1000000
A0C0,-3000000,-2000000,-2000000,-1000000
A0D0,-2000000,-1000000,-2000000,-1000000
A0E0,-1000000,0,-2000000,-1000000
A0F0,0,1000000,-2000000,-1000000
A0G0,1000000,2000000,-2000000,-1000000
A0H0,2000000,3000000,-2000000,-1000000
A0I0,-1.6E+07,-1.5E+07,-2000000,-1000000
A0J0,-1.7E+07,-1.6E+07,-2000000,-1000000
A0K0,-1.8E+07,-1.7E+07,-2000000,-1000000
A0L0,1.7E+07,1.8E+07,-2000000,-1000000
A0M0,1.6E+07,1.7E+07,-2000000,-1000000
A0N0,1.5E+07,1.6E+07,-2000000,-1000000
A0O0,1.4E+07,1.5E+07,-2000000,-1000000
A0P0,1.3E+07,1.4E+07,-2000000,-1000000
A0Q0,1.2E+07,1.3E+07,-2000000,-1000000
A0R0,1.1E+07,1.2E+07,-2000000,-1000000
A0S0,1E+07,1.1E+07,-2000000,-1000000
A0T0,9000000,1E+07,-2000000,-1000000
A0U0,8000000,9000000,-2000000,-1000000
A0V0,7000000,8000000,-2000000,-1000000
A0W0,6000000,7000000,-2000000,-1000000
A0X0,5000000,6000000,-2000000,-1000000
A0Y0,4000000,5000000,-2000000,-1000000
A0Z0,3000000,4000000,-2000000,-1000000
B000,-1.5E+07,-1.4E+07,-3000000,-2000000
B010,-1.4E+07,-1.3E+07,-3000000,-2000000
B020,-1.3E+07,-1.2E+07,-3000000,-2000000
B030,-1.2E+07,-1.1E+07,-3000000,-2000000
B040,-1.1E+07,-1E+07,-3000000,-2000000
B050,-1E+07,-9000000,-3000000,-2000000
B060,-9000000,-8000000,-3000000,-2000000
B070,-8000000,-7000000,-3000000,-2000000
B080,-7000000,-6000000,-3000000,-2000000
B090,-6000000,-5000000,-3000000,-2000000
B0A0,-5000000,-4000000,-3000000,-2000000
B0B0,-4000000,-3000000,-3000000,-2000000
B0C0,-3000000,-2000000,-3000000,-2000000
B0D0,-2000000,-1000000,-3000000,-2000000
B0E0,-1000000,0,-3000000,-2000000
B0F0,0,1000000,-3000000,-2000000
B0G0,1000000,2000000,-3000000,-2000000
B0H0,2000000,3000000,-3000000,-2000000
B0I0,-1.6E+07,-1.5E+07,-3000000,-2000000
B0J0,-1.7E+07,-1.6E+07,-3000000,-2000000
B0K0,-1.8E+07,-1.7E+07,-3000000,-2000000
B0L0,1.7E+07,1.8E+07,-3000000,-2000000
B0M0,1.6E+07,1.7E+07,-3000000,-2000000
B0N0,1.5E+07,1.6E+07,-3000000,-2000000
B0O0,1.4E+07,1.5E+07,-3000000,-2000000
B0P0,1.3E+07,1.4E+07,-3000000,-2000000
B0Q0,1.2E+07,1.3E+07,-3000000,-2000000
B0R0,1.1E+07,1.2E+07,-3000000,-2000000
B0S0,1E+07,1.1E+07,-3000000,-2000000
B0T0,9000000,1E+07,-3000000,-2000000
B0U0,8000000,9000000,-3000000,-2000000
B0V0,7000000,8000000,-3000000,-2000000
B0W0,6000000,7000000,-3000000,-2000000
B0X0,5000000,6000000,-3000000,-2000000
B0Y0,4000000,5000000,-3000000,-2000000
B0Z0,3000000,4000000,-3000000,-2000000
C000,-1.5E+07,-1.4E+07,-4000000,-3000000
C010,-1.4E+07,-1.3E+07,-4000000,-3000000
C020,-1.3E+07,-1.2E+07,-4000000,-3000000
C030,-1.2E+07,-1.1E+07,-4000000,-3000000
C040,-1.1E+07,-1E+07,-4000000,-3000000
C050,-1E+07,-9000000,-4000000,-3000000
C060,-9000000,-8000000,-4000000,-3000000
C070,-8000000,-7000000,-4000000,-3000000
C080,-7000000,-6000000,-4000000,-3000000
C090,-6000000,-5000000,-4000000,-3000000
C0A0,-5000000,-4000000,-4000000,-3000000
C0B0,-4000000,-3000000,-4000000,-3000000
C0C0,-3000000,-2000000,-4000000,-3000000
C0D0,-2000000,-1000000,-4000000,-3000000
C0E0,-1000000,0,-4000000,-3000000
C0F0,0,1000000,-4000000,-3000000
C0G0,1000000,2000000,-4000000,-3000000
C0H0,2000000,3000000,-4000000,-3000000
C0I0,-1.6E+07,-1.5E+07,-4000000,-3000000
C0J0,-1.7E+07,-1.6E+07,-4000000,-3000000
C0K0,-1.8E+07,-1.7E+07,-4000000,-3000000
C0L0,1.7E+07,1.8E+07,-4000000,-3000000
C0M0,1.6E+07,1.7E+07,-4000000,-3000000
C0N0,1.5E+07,1.6E+07,-4000000,-3000000
C0O0,1.4E+07,1.5E+07,-4000000,-3000000
C0P0,1.3E+07,1.4E+07,-4000000,-3000000
C0Q0,1.2E+07,1.3E+07,-4000000,-3000000
C0R0,1.1E+07,1.2E+07,-4000000,-3000000
C0S0,1E+07,1.1E+07,-4000000,-3000000
C0T0,9000000,1E+07,-4000000,-3000000
C0U0,8000000,9000000,-4000000,-3000000
C0V0,7000000,8000000,-4000000,-3000000
C0W0,6000000,7000000,-4000000,-3000000
C0X0,5000000,6000000,-4000000,-3000000
C0Y0,4000000,5000000,-4000000,-3000000
C0Z0,3000000,4000000,-4000000,-3000000
D000,-1.5E+07,-1.4E+07,-5000000,-4000000
D010,-1.4E+07,-1.3E+07,-5000000,-4000000
D020,-1.3E+07,-1.2E+07,-5000000,-4000000
D030,-1.2E+07,-1.1E+07,-5000000,-4000000
D040,-1.1E+07,-1E+07,-5000000,-4000000
D050,-1E+07,-9000000,-5000000,-4000000
D060,-9000000,-8000000,-5000000,-4000000
D070,-8000000,-7000000,-5000000,-4000000
D080,-7000000,-6000000,-5000000,-4000000
D090,-6000000,-5000000,-5000000,-4000000
D0A0,-5000000,-4000000,-5000000,-4000000
D0B0,-4000000,-3000000,-5000000,-4000000
D0C0,-3000000,-2000000,-5000000,-4000000
D0D0,-2000000,-1000000,-5000000,-4000000
D0E0,-1000000,0,-5000000,-4000000
D0F0,0,1000000,-5000000,-4000000
D0G0,1000000,2000000,-5000000,-4000000
D0H0,2000000,3000000,-5000000,-4000000
D0I0,-1.6E+07,-1.5E+07,-5000000,-4000000
D0J0,-1.7E+07,-1.6E+07,-5000000,-4000000
D0K0,-1.8E+07,-1.7E+07,-5000000,-4000000
D0L0,1.7E+07,1.8E+07,-5000000,-4000000
D0M0,1.6E+07,1.7E+07,-5000000,-4000000
D0N0,1.5E+07,1.6E+07,-5000000,-4000000
D0O0,1.4E+07,1.5E+07,-5000000,-4000000
D0P0,1.3E+07,1.4E+07,-5000000,-4000000
D0Q0,1.2E+07,1.3E+07,-5000000,-4000000
D0R0,1.1E+07,1.2E+07,-5000000,-4000000
D0S0,1E+07,1.1E+07,-5000000,-4000000
D0T0,9000000,1E+07,-5000000,-4000000
D0U0,8000000,9000000,-5000000,-4000000
D0V0,7000000,8000000,-5000000,-4000000
D0W0,6000000,7000000,-5000000,-4000000
D0X0,5000000,6000000,-5000000,-4000000
D0Y0,4000000,5000000,-5000000,-4000000
D0Z0,3000000,4000000,-5000000,-4000000
E000,-1.5E+07,-1.4E+07,-6000000,-5000000
E010,-1.4E+07,-1.3E+07,-6000000,-5000000
E020,-1.3E+07,-1.2E+07,-6000000,-5000000
E030,-1.2E+07,-1.1E+07,-6000000,-5000000
E040,-1.1E+07,-1E+07,-6000000,-5000000
E050,-1E+07,-9000000,-6000000,-5000000
E060,-9000000,-8000000,-6000000,-5000000
E070,-8000000,-7000000,-6000000,-5000000
E080,-7000000,-6000000,-6000000,-5000000
E090,-6000000,-5000000,-6000000,-5000000
E0A0,-5000000,-4000000,-6000000,-5000000
E0B0,-4000000,-3000000,-6000000,-5000000
E0C0,-3000000,-2000000,-6000000,-5000000
E0D0,-2000000,-1000000,-6000000,-5000000
E0E0,-1000000,0,-6000000,-5000000
E0F0,0,1000000,-6000000,-5000000
E0G0,1000000,2000000,-6000000,-5000000
E0H0,2000000,3000000,-6000000,-5000000
E0I0,-1.6E+07,-1.5E+07,-6000000,-5000000
E0J0,-1.7E+07,-1.6E+07,-6000000,-5000000
E0K0,-1.8E+07,-1.7E+07,-6000000,-5000000
E0L0,1.7E+07,1.8E+07,-6000000,-5000000
E0M0,1.6E+07,1.7E+07,-6000000,-5000000
E0N0,1.5E+07,1.6E+07,-6000000,-5000000
E0O0,1.4E+07,1.5E+07,-6000000,-5000000
E0P0,1.3E+07,1.4E+07,-6000000,-5000000
E0Q0,1.2E+07,1.3E+07,-6000000,-5000000
E0R0,1.1E+07,1.2E+07,-6000000,-5000000
E0S0,1E+07,1.1E+07,-6000000,-5000000
E0T0,9000000,1E+07,-6000000,-5000000
E0U0,8000000,9000000,-6000000,-5000000
E0V0,7000000,8000000,-6000000,-5000000
E0W0,6000000,7000000,-6000000,-5000000
E0X0,5000000,6000000,-6000000,-5000000
E0Y0,4000000,5000000,-6000000,-5000000
E0Z0,3000000,4000000,-6000000,-5000000
F000,-1.5E+07,-1.4E+07,-7000000,-6000000
F010,-1.4E+07,-1.3E+07,-7000000,-6000000
F020,-1.3E+07,-1.2E+07,-7000000,-6000000
F030,-1.2E+07,-1.1E+07,-7000000,-6000000
F040,-1.1E+07,-1E+07,-7000000,-6000000
F050,-1E+07,-9000000,-7000000,-6000000
F060,-9000000,-8000000,-7000000,-6000000
F070,-8000000,-7000000,-7000000,-6000000
F080,-7000000,-6000000,-7000000,-6000000
F090,-6000000,-5000000,-7000000,-6000000
F0A0,-5000000,-4000000,-7000000,-6000000
F0B0,-4000000,-3000000,-7000000,-6000000
F0C0,-3000000,-2000000,-7000000,-6000000
F0D0,-2000000,-1000000,-7000000,-6000000
F0E0,-1000000,0,-7000000,-6000000
F0F0,0,1000000,-7000000,-6000000
F0G0,1000000,2000000,-7000000,-6000000
F0H0,2000000,3000000,-7000000,-6000000
F0I0,-1.6E+07,-1.5E+07,-7000000,-6000000
F0J0,-1.7E+07,-1.6E+07,-7000000,-6000000
F0K0,-1.8E+07,-1.7E+07,-7000000,-6000000
F0L0,1.7E+07,1.8E+07,-7000000,-6000000
F0M0,1.6E+07,1.7E+07,-7000000,-6000000
F0N0,1.5E+07,1.6E+07,-7000000,-6000000
F0O0,1.4E+07,1.5E+07,-7000000,-6000000
F0P0,1.3E+07,1.4E+07,-7000000,-6000000
F0Q0,1.2E+07,1.3E+07,-7000000,-6000000
F0R0,1.1E+07,1.2E+07,-7000000,-6000000
F0S0,1E+07,1.1E+07,-7000000,-6000000
F0T0,9000000,1E+07,-7000000,-6000000
F0U0,8000000,9000000,-7000000,-6000000
F0V0,7000000,8000000,-7000000,-6000000
F0W0,6000000,7000000,-7000000,-6000000
F0X0,5000000,6000000,-7000000,-6000000
F0Y0,4000000,5000000,-7000000,-6000000
F0Z0,3000000,4000000,-7000000,-6000000
G000,-1.5E+07,-1.4E+07,-8000000,-7000000
G010,-1.4E+07,-1.3E+07,-8000000,-7000000
G020,-1.3E+07,-1.2E+07,-8000000,-7000000
G030,-1.2E+07,-1.1E+07,-8000000,-7000000
G040,-1.1E+07,-1E+07,-8000000,-7000000
G050,-1E+07,-9000000,-8000000,-7000000
G060,-9000000,-8000000,-8000000,-7000000
G070,-8000000,-7000000,-8000000,-7000000
G080,-7000000,-6000000,-8000000,-7000000
G090,-6000000,-5000000,-8000000,-7000000
G0A0,-5000000,-4000000,-8000000,-7000000
G0B0,-4000000,-3000000,-8000000,-7000000
G0C0,-3000000,-2000000,-8000000,-7000000
G0D0,-2000000,-1000000,-8000000,-7000000
G0E0,-1000000,0,-8000000,-7000000
G0F0,0,1000000,-8000000,-7000000
G0G0,1000000,2000000,-8000000,-7000000
G0H0,2000000,3000000,-8000000,-7000000
G0I0,-1.6E+07,-1.5E+07,-8000000,-7000000
G0J0,-1.7E+07,-1.6E+07,-8000000,-7000000
G0K0,-1.8E+07,-1.7E+07,-8000000,-7000000
G0L0,1.7E+07,1.8E+07,-8000000,-7000000
G0M0,1.6E+07,1.7E+07,-8000000,-7000000
G0N0,1.5E+07,1.6E+07,-8000000,-7000000
G0O0,1.4E+07,1.5E+07,-8000000,-7000000
G0P0,1.3E+07,1.4E+07,-8000000,-7000000
G0Q0,1.2E+07,1.3E+07,-8000000,-7000000
G0R0,1.1E+07,1.2E+07,-8000000,-7000000
G0S0,1E+07,1.1E+07,-8000000,-7000000
G0T0,9000000,1E+07,-8000000,-7000000
G0U0,8000000,9000000,-8000000,-7000000
G0V0,7000000,8000000,-8000000,-7000000
G0W0,6000000,7000000,-8000000,-7000000
G0X0,5000000,6000000,-8000000,-7000000
G0Y0,4000000,5000000,-8000000,-7000000
G0Z0,3000000,4000000,-8000000,-7000000
H000,-1.5E+07,-1.4E+07,-9000000,-8000000
H010,-1.4E+07,-1.3E+07,-9000000,-8000000
H020,-1.3E+07,-1.2E+07,-9000000,-8000000
H030,-1.2E+07,-1.1E+07,-9000000,-8000000
H040,-1.1E+07,-1E+07,-9000000,-8000000
H050,-1E+07,-9000000,-9000000,-8000000
H060,-9000000,-8000000,-9000000,-8000000
H070,-8000000,-7000000,-9000000,-8000000
H080,-7000000,-6000000,-9000000,-8000000
H090,-6000000,-5000000,-9000000,-8000000
H0A0,-5000000,-4000000,-9000000,-8000000
H0B0,-4000000,-3000000,-9000000,-8000000
H0C0,-3000000,-2000000,-9000000,-8000000
H0D0,-2000000,-1000000,-9000000,-8000000
H0E0,-1000000,0,-9000000,-8000000
H0F0,0,1000000,-9000000,-8000000
H0G0,1000000,2000000,-9000000,-8000000
H0H0,2000000,3000000,-9000000,-8000000
H0I0,-1.6E+07,-1.5E+07,-9000000,-8000000
H0J0,-1.7E+07,-1.6E+07,-9000000,-8000000
H0K0,-1.8E+07,-1.7E+07,-9000000,-8000000
H0L0,1.7E+07,1.8E+07,-9000000,-8000000
H0M0,1.6E+07,1.7E+07,-9000000,-8000000
H0N0,1.5E+07,1.6E+07,-9000000,-8000000
H0O0,1.4E+07,1.5E+07,-9000000,-8000000
H0P0,1.3E+07,1.4E+07,-9000000,-8000000
H0Q0,1.2E+07,1.3E+07,-9000000,-8000000
H0R0,1.1E+07,1.2E+07,-9000000,-8000000
H0S0,1E+07,1.1E+07,-9000000,-8000000
H0T0,9000000,1E+07,-9000000,-8000000
H0U0,8000000,9000000,-9000000,-8000000
H0V0,7000000,8000000,-9000000,-8000000
H0W0,6000000,7000000,-9000000,-8000000
H0X0,5000000,6000000,-9000000,-8000000
H0Y0,4000000,5000000,-9000000,-8000000
H0Z0,3000000,4000000,-9000000,-8000000